|   Validation ppl |   Baseline |   Prenorm |   Postnorm |
|-----------------:|-----------:|----------:|-----------:|
|              500 |      41.56 |     44.84 |      56.61 |
|             1000 |      30.22 |     30.78 |      49.93 |
|             1500 |      27.04 |     26.39 |      45.33 |
|             2000 |      24.83 |     23.6  |      35.25 |
|             2500 |      23.49 |     21.86 |      28.44 |
|             3000 |      22.33 |     20.45 |      25.79 |
|             3500 |      21.38 |     19.26 |      23.77 |
|             4000 |      20.47 |     18.12 |      22.4  |
|             4500 |      19.96 |     17.18 |      21.26 |
|             5000 |      19.49 |     16.15 |      19.87 |
|             5500 |      18.89 |     14.86 |      18.8  |
|             6000 |      18.19 |     13.64 |      17.61 |
|             6500 |      17.67 |     13.11 |      16.55 |
|             7000 |      17.44 |     12.29 |      15.42 |
|             7500 |      17.1  |     11.73 |      14.26 |
|             8000 |      16.57 |     11.35 |      13.3  |
|             8500 |      16.07 |     11.11 |      12.62 |
|             9000 |      15.82 |     10.96 |      12.25 |
|             9500 |      15.2  |     10.73 |      11.83 |
|            10000 |      14.88 |     10.49 |      11.48 |
|            10500 |      14.2  |     10.39 |      11.19 |
|            11000 |      13.56 |     10.23 |      10.82 |
|            11500 |      13.07 |     10    |      10.69 |
|            12000 |      12.52 |      9.88 |      10.58 |
|            12500 |      12.3  |      9.71 |      10.41 |
|            13000 |      12.06 |      9.69 |      10.24 |
|            13500 |      11.62 |      9.49 |      10.05 |
|            14000 |      11.37 |      9.46 |       9.97 |
|            14500 |      11.1  |      9.31 |       9.84 |
|            15000 |      10.96 |      9.2  |       9.75 |
|            15500 |      10.83 |      9.22 |       9.6  |
|            16000 |      10.54 |      9.01 |       9.41 |
|            16500 |      10.56 |      9.06 |       9.42 |
|            17000 |      10.45 |      8.96 |       9.41 |
|            17500 |      10.33 |      8.85 |       9.3  |
|            18000 |      10.26 |      8.86 |       9.22 |
|            18500 |      10.24 |      8.85 |       9.25 |
|            19000 |      10.08 |      8.88 |       9.12 |
|            19500 |       9.78 |      8.67 |       8.97 |
|            20000 |       9.68 |      8.55 |       8.92 |
|            20500 |       9.73 |      8.67 |       8.92 |
|            21000 |       9.72 |      8.63 |       8.95 |
|            21500 |       9.59 |      8.52 |       8.92 |
|            22000 |       9.48 |      8.49 |       8.86 |
|            22500 |       9.51 |      8.55 |       8.81 |
|            23000 |       9.41 |      8.45 |       8.75 |
|            23500 |       9.37 |      8.41 |       8.7  |
|            24000 |       9.33 |      8.43 |       8.66 |
|            24500 |       9.26 |      8.37 |       8.59 |
|            25000 |       9.29 |      8.39 |       8.68 |
|            25500 |       9.2  |      8.4  |       8.63 |
|            26000 |       9.05 |      8.27 |       8.57 |
|            26500 |       9.11 |      8.32 |       8.65 |
|            27000 |       9.05 |      8.3  |       8.55 |
|            27500 |       9.01 |      8.27 |       8.53 |
|            28000 |       8.88 |      8.18 |       8.42 |
|            28500 |       8.84 |      8.19 |       8.41 |
|            29000 |       8.91 |      8.18 |       8.38 |
|            29500 |       8.91 |      8.23 |       8.44 |
|            30000 |       8.83 |      8.19 |       8.44 |
|            30500 |       8.91 |      8.13 |       8.39 |
|            31000 |       8.75 |      8.08 |       8.34 |
|            31500 |       8.74 |      8.12 |       8.39 |
|            32000 |       8.63 |      7.99 |       8.23 |
|            32500 |       8.62 |      8.04 |       8.19 |
|            33000 |       8.58 |      8.1  |       8.33 |
|            33500 |       8.63 |      8.12 |       8.33 |
|            34000 |       8.7  |      8.08 |       8.33 |
|            34500 |       8.67 |      8.05 |       8.27 |
|            35000 |       8.53 |      8.08 |       8.24 |
|            35500 |       8.43 |      7.98 |       8.2  |
|            36000 |       8.44 |      7.99 |       8.12 |
|            36500 |       8.4  |      7.95 |       8.11 |
|            37000 |       8.46 |      8.02 |       8.25 |
|            37500 |       8.46 |      8.05 |       8.27 |
|            38000 |       8.35 |      7.97 |       8.13 |
|            38500 |       8.34 |      7.95 |       8.23 |
|            39000 |       8.31 |      7.94 |       8.1  |
|            39500 |       8.32 |      7.89 |       8.11 |
|            40000 |       8.3  |      7.88 |       8.15 |
|            40500 |       8.28 |      7.84 |       8.01 |